
1 -5 -2 0 0
2 -5 -3 0 0
3 -5 -4 0 0
4 -6 1 5 0 0
5 -7 -3 0 0
6 -7 -4 0 0
7 3 4 7 0 0
8 -8 2 7 0 0
9 -9 -4 3 0 0
10 -12 -11 10 0 0
11 -15 -14 13 0 0
12 -18 -17 16 0 0
13 -21 -20 19 0 0
14 -28 24 0 0
15 -28 10 0 0
16 -28 25 0 0
17 -28 26 0 0
18 -28 -11 0 0
19 -28 27 0 0
20 -27 -26 -25 -24 -10 -1 11 28 0 0
21 -33 29 0 0
22 -33 10 0 0
23 -33 30 0 0
24 -33 31 0 0
25 -33 -11 0 0
26 -33 32 0 0
27 -32 -31 -30 -29 -10 -1 11 33 0 0
28 -38 34 0 0
29 -38 10 0 0
30 -38 35 0 0
31 -38 36 0 0
32 -38 -11 0 0
33 -38 37 0 0
34 -37 -36 -35 -34 -10 -1 11 38 0 0
35 -43 39 0 0
36 -43 10 0 0
37 -43 40 0 0
38 -43 41 0 0
39 -43 -11 0 0
40 -43 42 0 0
41 -42 -41 -40 -39 -10 -1 11 43 0 0
42 10 44 0 0
43 -11 44 0 0
44 -44 -10 11 0 0
45 -45 -2 0 0
46 -45 44 0 0
47 -44 -1 2 45 0 0
48 13 46 0 0
49 -14 46 0 0
50 -46 -13 14 0 0
51 -47 2 0 0
52 -47 44 0 0
53 -47 46 0 0
54 -46 -44 -2 -1 47 0 0
55 1 48 0 0
56 -45 48 0 0
57 -47 48 0 0
58 -48 -1 45 47 0 0
59 -49 3 0 0
60 -49 48 0 0
61 -48 -3 49 0 0
62 -50 2 0 0
63 -50 13 0 0
64 -50 -14 0 0
65 -50 44 0 0
66 -44 -13 -2 -1 14 50 0 0
67 -50 -2 51 0 0
68 -1 50 51 0 0
69 -49 -3 52 0 0
70 -51 49 52 0 0
71 -53 -3 0 0
72 -53 48 0 0
73 -48 3 53 0 0
74 -52 54 0 0
75 -53 54 0 0
76 -55 3 0 0
77 -55 -4 0 0
78 -55 10 0 0
79 -55 -11 0 0
80 -10 -3 -1 4 11 55 0 0
81 -56 2 0 0
82 -56 4 0 0
83 -56 13 0 0
84 -56 -14 0 0
85 -56 44 0 0
86 -44 -13 -4 -2 -1 14 56 0 0
87 -57 -3 0 0
88 -57 10 0 0
89 -57 -11 0 0
90 -10 -1 3 11 57 0 0
91 -58 2 0 0
92 -58 -4 0 0
93 -58 13 0 0
94 -58 -14 0 0
95 -58 44 0 0
96 -44 -13 -2 -1 4 14 58 0 0
97 1 59 0 0
98 -55 59 0 0
99 -56 59 0 0
100 -57 59 0 0
101 -58 59 0 0
102 -45 59 0 0
103 -47 59 0 0
104 -59 -1 45 47 55 56 57 58 0 0
105 -61 59 0 0
106 -61 60 0 0
107 -60 -59 61 0 0
108 -50 -13 62 0 0
109 -10 50 62 0 0
110 -49 -16 63 0 0
111 -63 -49 16 0 0
112 -62 49 63 0 0
113 -61 -53 64 0 0
114 -64 -53 61 0 0
115 -63 53 64 0 0
116 -64 53 63 0 0
117 -65 -53 0 0
118 -65 -50 0 0
119 -65 -49 0 0
120 -65 23 0 0
121 -23 49 50 53 65 0 0
122 -67 2 0 0
123 -67 13 0 0
124 -67 -14 0 0
125 -67 44 0 0
126 -67 -53 0 0
127 -67 66 0 0
128 -67 -49 0 0
129 -66 -44 -13 -2 -1 14 49 53 67 0 0
130 -69 3 0 0
131 -69 48 0 0
132 -69 68 0 0
133 -68 -48 -3 53 69 0 0
134 -71 -3 0 0
135 -71 48 0 0
136 -71 70 0 0
137 -70 -48 3 71 0 0
138 -65 72 0 0
139 -67 72 0 0
140 -69 72 0 0
141 -71 72 0 0
142 -72 65 67 69 71 0 0
143 -73 64 0 0
144 -73 72 0 0
145 -72 -64 -54 73 0 0
146 -74 10 0 0
147 -74 -11 0 0
148 -10 -1 11 74 0 0
149 -77 25 0 0
150 -77 26 0 0
151 -26 -25 77 0 0
152 24 78 0 0
153 -77 78 0 0
154 -78 -24 77 0 0
155 -79 59 0 0
156 -79 78 0 0
157 -78 -59 79 0 0
158 -80 24 0 0
159 -80 25 0 0
160 -80 26 0 0
161 -80 -79 0 0
162 -26 -25 -24 79 80 0 0
163 -79 -61 81 0 0
164 -81 -79 61 0 0
165 -24 79 81 0 0
166 -81 24 79 0 0
167 -83 4 0 0
168 -83 19 0 0
169 -83 -20 0 0
170 -83 82 0 0
171 -82 -19 -4 20 83 0 0
172 -85 4 0 0
173 -85 19 0 0
174 -85 20 0 0
175 -85 82 0 0
176 -82 -20 -19 -4 85 0 0
177 -86 3 0 0
178 -86 16 0 0
179 -86 -17 0 0
180 -86 84 0 0
181 -86 -85 0 0
182 -84 -16 -3 17 85 86 0 0
183 -88 3 0 0
184 -88 16 0 0
185 -88 17 0 0
186 -88 84 0 0
187 -84 -17 -16 -3 88 0 0
188 -89 2 0 0
189 -89 13 0 0
190 -89 -14 0 0
191 -89 -85 0 0
192 -89 87 0 0
193 -89 -88 0 0
194 -87 -13 -2 14 85 88 89 0 0
195 -91 2 0 0
196 -91 13 0 0
197 -91 14 0 0
198 -91 87 0 0
199 -87 -14 -13 -2 91 0 0
200 -92 1 0 0
201 -92 10 0 0
202 -92 -11 0 0
203 -92 -85 0 0
204 -92 -88 0 0
205 -92 90 0 0
206 -92 -91 0 0
207 -90 -10 -1 11 85 88 91 92 0 0
208 -83 93 0 0
209 -86 93 0 0
210 -89 93 0 0
211 -92 93 0 0
212 -93 83 86 89 92 0 0
213 -94 27 0 0
214 -94 -89 0 0
215 -94 -86 0 0
216 -94 -83 0 0
217 -27 83 86 89 94 0 0
218 -96 13 0 0
219 -96 -14 0 0
220 -96 95 0 0
221 -96 87 0 0
222 -96 -88 0 0
223 -96 -86 0 0
224 -96 -83 0 0
225 -95 -87 -13 -2 14 83 85 86 88 96 0 0
226 -98 3 0 0
227 -98 16 0 0
228 -98 -17 0 0
229 -98 97 0 0
230 -98 84 0 0
231 -98 -85 0 0
232 -98 -83 0 0
233 -97 -84 -16 -3 17 83 85 98 0 0
234 -100 4 0 0
235 -100 19 0 0
236 -100 -20 0 0
237 -100 99 0 0
238 -100 82 0 0
239 -99 -82 -19 -4 20 100 0 0
240 -94 101 0 0
241 -96 101 0 0
242 -98 101 0 0
243 -100 101 0 0
244 -101 94 96 98 100 0 0
245 -102 24 0 0
246 -102 25 0 0
247 -102 26 0 0
248 -102 93 0 0
249 -102 101 0 0
250 -101 -93 -26 -25 -24 102 0 0
251 -103 32 0 0
252 -103 -89 0 0
253 -103 -86 0 0
254 -103 -83 0 0
255 -32 83 86 89 103 0 0
256 -105 13 0 0
257 -105 -14 0 0
258 -105 104 0 0
259 -105 -85 0 0
260 -105 87 0 0
261 -105 -88 0 0
262 -105 -86 0 0
263 -105 -83 0 0
264 -104 -87 -13 -2 14 83 85 86 88 105 0 0
265 -107 3 0 0
266 -107 16 0 0
267 -107 -17 0 0
268 -107 106 0 0
269 -107 84 0 0
270 -107 -85 0 0
271 -107 -83 0 0
272 -106 -84 -16 -3 17 83 85 107 0 0
273 -109 4 0 0
274 -109 19 0 0
275 -109 -20 0 0
276 -109 108 0 0
277 -109 82 0 0
278 -108 -82 -19 -4 20 109 0 0
279 -103 110 0 0
280 -105 110 0 0
281 -107 110 0 0
282 -109 110 0 0
283 -110 103 105 107 109 0 0
284 -111 29 0 0
285 -111 30 0 0
286 -111 31 0 0
287 -111 93 0 0
288 -111 110 0 0
289 -110 -93 -31 -30 -29 111 0 0
290 -112 37 0 0
291 -112 -89 0 0
292 -112 -86 0 0
293 -112 -83 0 0
294 -37 83 86 89 112 0 0
295 -114 2 0 0
296 -114 13 0 0
297 -114 -14 0 0
298 -114 113 0 0
299 -114 -85 0 0
300 -114 87 0 0
301 -114 -88 0 0
302 -114 -86 0 0
303 -114 -83 0 0
304 -113 -87 -13 -2 14 83 85 86 88 114 0 0
305 -116 3 0 0
306 -116 16 0 0
307 -116 -17 0 0
308 -116 115 0 0
309 -116 84 0 0
310 -116 -83 0 0
311 -115 -84 -16 -3 17 83 85 116 0 0
312 -118 4 0 0
313 -118 19 0 0
314 -118 -20 0 0
315 -118 117 0 0
316 -118 82 0 0
317 -117 -82 -19 -4 20 118 0 0
318 -112 119 0 0
319 -114 119 0 0
320 -116 119 0 0
321 -118 119 0 0
322 -119 112 114 116 118 0 0
323 -120 34 0 0
324 -120 35 0 0
325 -120 36 0 0
326 -120 93 0 0
327 -120 119 0 0
328 -119 -93 -36 -35 -34 120 0 0
329 -121 42 0 0
330 -121 -89 0 0
331 -121 -86 0 0
332 -121 -83 0 0
333 -42 83 86 89 121 0 0
334 -123 13 0 0
335 -123 -14 0 0
336 -123 122 0 0
337 -123 -85 0 0
338 -123 87 0 0
339 -123 -88 0 0
340 -123 -86 0 0
341 -123 -83 0 0
342 -122 -87 -13 -2 14 83 85 86 88 123 0 0
343 -125 3 0 0
344 -125 16 0 0
345 -125 -17 0 0
346 -125 124 0 0
347 -125 84 0 0
348 -125 -83 0 0
349 -124 -84 -16 -3 17 83 85 125 0 0
350 -127 4 0 0
351 -127 19 0 0
352 -127 -20 0 0
353 -127 126 0 0
354 -127 82 0 0
355 -126 -82 -19 -4 20 127 0 0
356 -121 128 0 0
357 -123 128 0 0
358 -125 128 0 0
359 -127 128 0 0
360 -128 121 123 125 127 0 0
361 -129 39 0 0
362 -129 40 0 0
363 -129 41 0 0
364 -129 93 0 0
365 -129 128 0 0
366 -128 -93 -41 -40 -39 129 0 0
367 93 130 0 0
368 -102 130 0 0
369 -111 130 0 0
370 -120 130 0 0
371 -129 130 0 0
372 -130 -93 102 111 120 129 0 0
373 -130 -79 131 0 0
374 -131 -79 130 0 0
375 -25 79 131 0 0
376 -131 25 79 0 0
377 -133 24 0 0
378 -133 29 0 0
379 -133 30 0 0
380 -133 31 0 0
381 -133 -25 0 0
382 -133 132 0 0
383 -132 -31 -30 -29 -24 25 133 0 0
384 -135 24 0 0
385 -135 34 0 0
386 -135 35 0 0
387 -135 36 0 0
388 -135 -25 0 0
389 -135 134 0 0
390 -134 -36 -35 -34 -24 25 135 0 0
391 -137 24 0 0
392 -137 39 0 0
393 -137 40 0 0
394 -137 41 0 0
395 -137 -25 0 0
396 -137 136 0 0
397 -136 -41 -40 -39 -24 25 137 0 0
398 -131 138 0 0
399 -133 138 0 0
400 -135 138 0 0
401 -137 138 0 0
402 -138 131 133 135 137 0 0
403 -140 4 0 0
404 -140 19 0 0
405 -140 -20 0 0
406 -140 139 0 0
407 -139 -19 -4 20 140 0 0
408 -142 4 0 0
409 -142 19 0 0
410 -142 20 0 0
411 -142 139 0 0
412 -139 -20 -19 -4 142 0 0
413 -143 3 0 0
414 -143 16 0 0
415 -143 -17 0 0
416 -143 141 0 0
417 -143 -142 0 0
418 -141 -16 -3 17 142 143 0 0
419 -145 3 0 0
420 -145 16 0 0
421 -145 17 0 0
422 -145 141 0 0
423 -141 -17 -16 -3 145 0 0
424 -146 2 0 0
425 -146 13 0 0
426 -146 -14 0 0
427 -146 -142 0 0
428 -146 144 0 0
429 -146 -145 0 0
430 -144 -13 -2 14 142 145 146 0 0
431 -148 2 0 0
432 -148 13 0 0
433 -148 14 0 0
434 -148 144 0 0
435 -144 -14 -13 -2 148 0 0
436 -149 1 0 0
437 -149 10 0 0
438 -149 -11 0 0
439 -149 -142 0 0
440 -149 -145 0 0
441 -149 147 0 0
442 -149 -148 0 0
443 -147 -10 -1 11 142 145 148 149 0 0
444 -140 150 0 0
445 -143 150 0 0
446 -146 150 0 0
447 -149 150 0 0
448 -150 140 143 146 149 0 0
449 -151 27 0 0
450 -151 -146 0 0
451 -151 -143 0 0
452 -151 -140 0 0
453 -27 140 143 146 151 0 0
454 -152 13 0 0
455 -152 -14 0 0
456 -152 95 0 0
457 -152 -142 0 0
458 -152 144 0 0
459 -152 -145 0 0
460 -152 -143 0 0
461 -152 -140 0 0
462 -144 -95 -13 -2 14 140 142 143 145 152 0 0
463 -153 3 0 0
464 -153 16 0 0
465 -153 -17 0 0
466 -153 97 0 0
467 -153 141 0 0
468 -153 -142 0 0
469 -153 -140 0 0
470 -141 -97 -16 -3 17 140 142 153 0 0
471 -154 4 0 0
472 -154 19 0 0
473 -154 -20 0 0
474 -154 99 0 0
475 -154 139 0 0
476 -139 -99 -19 -4 20 154 0 0
477 -151 155 0 0
478 -152 155 0 0
479 -153 155 0 0
480 -154 155 0 0
481 -155 151 152 153 154 0 0
482 -156 24 0 0
483 -156 25 0 0
484 -156 26 0 0
485 -156 150 0 0
486 -156 155 0 0
487 -155 -150 -26 -25 -24 156 0 0
488 -157 32 0 0
489 -157 -146 0 0
490 -157 -143 0 0
491 -157 -140 0 0
492 -32 140 143 146 157 0 0
493 -158 2 0 0
494 -158 13 0 0
495 -158 -14 0 0
496 -158 104 0 0
497 -158 -142 0 0
498 -158 144 0 0
499 -158 -145 0 0
500 -158 -143 0 0
501 -158 -140 0 0
502 -144 -104 -13 -2 14 140 142 143 145 158 0 0
503 -159 3 0 0
504 -159 16 0 0
505 -159 -17 0 0
506 -159 106 0 0
507 -159 141 0 0
508 -159 -142 0 0
509 -159 -140 0 0
510 -141 -106 -16 -3 17 140 142 159 0 0
511 -160 4 0 0
512 -160 19 0 0
513 -160 -20 0 0
514 -160 108 0 0
515 -160 139 0 0
516 -139 -108 -19 -4 20 160 0 0
517 -157 161 0 0
518 -158 161 0 0
519 -159 161 0 0
520 -160 161 0 0
521 -161 157 158 159 160 0 0
522 -162 29 0 0
523 -162 30 0 0
524 -162 31 0 0
525 -162 150 0 0
526 -162 161 0 0
527 -161 -150 -31 -30 -29 162 0 0
528 -163 37 0 0
529 -163 -146 0 0
530 -163 -143 0 0
531 -163 -140 0 0
532 -37 140 143 146 163 0 0
533 -164 2 0 0
534 -164 13 0 0
535 -164 -14 0 0
536 -164 113 0 0
537 -164 144 0 0
538 -164 -145 0 0
539 -164 -143 0 0
540 -164 -140 0 0
541 -144 -113 -13 -2 14 140 142 143 145 164 0 0
542 -165 3 0 0
543 -165 16 0 0
544 -165 -17 0 0
545 -165 115 0 0
546 -165 141 0 0
547 -165 -142 0 0
548 -165 -140 0 0
549 -141 -115 -16 -3 17 140 142 165 0 0
550 -166 4 0 0
551 -166 19 0 0
552 -166 -20 0 0
553 -166 117 0 0
554 -166 139 0 0
555 -139 -117 -19 -4 20 166 0 0
556 -163 167 0 0
557 -164 167 0 0
