1 16 30 95 0 0
2 -16 30 95 0 0
3 -30 78 35 0 0
4 -78 85 -30 0 0
5 -85 95 -78 0 0
7 8 55 -95 0 0
8 9 100 52 0 0
9 -100 9 73 0 0
10 -9 52 -8 0 0
11 83 38 66 0 0
12 87 -38 83 0 0
13 83 -87 -52 0 0
14 66 -83 74 0 0
15 89 -66 -52 0 0
16 -52 -89 73 0 0
17 -52 73 -74 0 0
18 -8 -73 -95 0 0
19 90 40 -55 0 0
20 -40 90 -55 0 0
21 82 25 35 0 0
22 82 -25 -90 0 0
23 -90 -82 -55 0 0
24 11 75 84 0 0
25 -75 96 11 0 0
26 -75 -96 23 0 0
27 -35 -11 23 0 0
28 65 29 -23 0 0
29 29 -65 -35 0 0
30 -23 84 -29 0 0
31 54 70 -35 0 0
32 -54 77 70 0 0
33 -77 -84 19 0 0
34 70 -54 -19 0 0
35 81 22 68 0 0
36 -22 48 81 0 0
37 -48 93 -22 0 0
38 -48 -93 3 0 0
39 -81 18 7 0 0
40 -7 56 -81 0 0
41 -56 18 3 0 0
42 -18 47 68 0 0
43 -18 -47 -81 0 0
44 -3 68 77 0 0
45 -77 -3 -84 0 0
46 -70 19 -68 0 0
47 74 -19 -68 0 0
48 -70 -74 -68 0 0
161 * 22 23 0
162 * 20 19 161 0
163 * 4 5 0
164 * 29 28 30 33 32 31 0
165 * 3 163 1 0
167 * 19 20 0
168 * 28 29 0
169 * 38 37 36 35 0
170 * 43 42 39 169 0
171 * 26 25 24 33 32 31 27 164 46 0
172 * 34 31 48 47 171 0
173 * 9 8 10 17 18 7 0
174 * 3 163 2 165 0
175 * 13 12 11 14 15 16 0
176 * 9 8 10 175 173 18 7 0
177 * 167 23 21 162 176 174 0
178 * 172 177 0
180 * 43 42 41 40 170 169 178 0
181 * 178 44 180 0
182 * 180 45 181 0
183 * 26 25 24 27 177 182 0
184 * 182 30 183 0
185 * 177 168 183 184 0
