1 16 30 95 0 0
2 95 30 -16 0 0
3 35 78 -30 0 0
4 -78 85 -30 0 0
5 -85 95 -78 0 0
7 8 55 -95 0 0
8 9 100 52 0 0
9 -100 9 73 0 0
10 -9 -8 52 0 0
11 83 38 66 0 0
12 83 -38 87 0 0
13 83 -87 -52 0 0
14 66 -83 74 0 0
15 -52 -66 89 0 0
16 -52 -89 73 0 0
17 -52 -74 73 0 0
18 -8 -73 -95 0 0
19 90 40 -55 0 0
20 -40 90 -55 0 0
21 82 35 25 0 0
22 82 -25 -90 0 0
23 -55 -82 -90 0 0
24 11 75 84 0 0
25 -75 96 11 0 0
26 -75 -96 23 0 0
27 23 -11 -35 0 0
28 65 29 -23 0 0
29 29 -65 -35 0 0
30 -23 -29 84 0 0
31 54 70 -35 0 0
32 -54 77 70 0 0
33 -77 -84 19 0 0
34 -19 -54 70 0 0
35 81 22 68 0 0
36 -22 48 81 0 0
37 -48 93 -22 0 0
38 -48 -93 3 0 0
39 7 18 -81 0 0
40 -7 56 -81 0 0
41 -56 18 3 0 0
42 -18 47 68 0 0
43 -18 -47 -81 0 0
44 -3 77 68 0 0
45 -77 -84 -3 0 0
46 -70 -68 19 0 0
47 -68 -19 74 0 0
48 -70 -74 -68 0 0
161 * 22 23 0
162 * 161 19 20 0
163 * 4 5 0
164 * 28 29 30 31 32 33 0
165 * 1 163 3 0
167 * 19 20 0
168 * 28 29 0
169 * 35 36 37 38 0
170 * 169 39 42 43 0
171 * 164 24 25 26 27 31 32 33 46 0
172 * 171 31 34 47 48 0
173 * 7 8 9 10 17 18 0
174 * 2 163 3 165 0
175 * 11 12 13 14 15 16 0
176 * 7 8 9 10 173 175 18 0
177 * 162 167 174 176 21 23 0
178 * 172 177 0
180 * 169 170 178 40 41 42 43 0
181 * 178 180 44 0
182 * 180 181 45 0
183 * 177 182 24 25 26 27 0
184 * 182 183 30 0
185 * 168 177 183 184 0
