1 97 4 8 0 0
2 -97 4 8 0 0
3 1 33 -4 0 0
4 -33 56 1 0 0
6 83 99 -56 0 0
7 83 -99 -56 0 0
8 -83 70 -56 0 0
9 -83 -70 -33 0 0
10 20 -1 36 0 0
11 97 26 36 0 0
12 28 -97 49 0 0
13 51 -28 49 0 0
14 -28 -51 59 0 0
15 59 -49 36 0 0
16 40 -59 -1 0 0
17 -59 -40 26 0 0
18 50 57 -26 0 0
19 73 -20 -57 0 0
20 -57 -73 50 0 0
21 36 -50 -26 0 0
22 -1 -36 -4 0 0
23 54 80 82 0 0
24 14 80 -54 0 0
25 82 -14 -54 0 0
26 -80 -8 82 0 0
27 52 13 90 0 0
28 90 52 -13 0 0
29 34 -82 -52 0 0
30 -82 -34 -52 0 0
31 26 -90 60 0 0
32 60 22 -26 0 0
33 -22 95 60 0 0
34 99 -60 95 0 0
35 -60 -99 95 0 0
36 -95 -90 55 0 0
37 20 58 93 0 0
38 32 58 -20 0 0
39 58 -32 93 0 0
40 -58 76 93 0 0
41 -76 -55 -58 0 0
42 47 94 18 0 0
43 94 -47 -93 0 0
44 -94 -93 18 0 0
45 92 33 41 0 0
46 92 17 -33 0 0
47 -17 -18 92 0 0
48 -92 -18 41 0 0
49 69 -41 67 0 0
51 -41 -69 67 0 0
52 55 -67 48 0 0
53 -67 -55 48 0 0
54 21 -48 -8 0 0
55 -21 -48 13 0 0
56 -21 -48 -13 0 0
161 * 1 2 0
162 * 49 51 0
163 * 52 53 0
164 * 54 56 0
165 * 34 35 0
166 * 29 30 0
167 * 42 43 44 0
171 * 54 55 0
172 * 37 38 39 0
173 * 164 171 0
174 * 45 46 47 48 0
175 * 165 31 32 33 36 0
176 * 23 24 25 26 0
177 * 162 163 166 167 172 173 174 175 176 27 28 40 41 0
178 * 161 177 0
180 * 16 17 0
181 * 11 12 13 14 15 178 180 22 0
182 * 10 178 18 19 20 181 21 22 0
183 * 3 178 182 0
184 * 4 182 183 0
187 * 8 9 183 184 0
188 * 7 184 187 0
189 * 6 184 187 188 0
