1 42 16 23 0 0
2 42 -16 23 0 0
3 41 26 -42 0 0
4 -26 41 -42 0 0
5 -42 32 -41 0 0
6 15 6 -41 0 0
7 15 -6 -32 0 0
8 1 46 -32 0 0
9 -1 46 -32 0 0
10 -46 -15 -41 0 0
12 33 38 -23 0 0
13 38 -33 -23 0 0
14 22 8 33 0 0
15 8 -33 22 0 0
16 37 -22 -38 0 0
17 -37 36 13 0 0
18 -36 -22 13 0 0
19 -37 -13 -22 0 0
20 47 -23 11 0 0
21 11 -47 -8 0 0
22 39 -11 -8 0 0
24 -11 -39 -8 0 0
81 * 14 15 0
82 * 3 4 0
83 * 1 2 0
84 * 82 5 6 8 10 0
85 * 17 18 19 0
86 * 12 13 0
87 * 85 16 0
88 * 22 24 0
89 * 81 86 87 88 20 21 0
90 * 83 89 0
91 * 82 90 0
92 * 5 90 91 0
93 * 84 7 8 90 10 91 92 0
94 * 9 92 93 0
95 * 10 91 94 0
96 * 7 92 95 0
97 * 6 91 95 96 0
